10 0 1 
4 -1 0 
3 -1 0 
10 0 -1 
6 0 2 
8 -1 0 
10 0 -1 
6 0 -1 
10 0 2 
4 2 0 
10 0 -1 
8 1 0 
5 0 1 
10 0 1 
4 -2 0 
6 0 1 
5 0 1 
7 -1 0 
10 0 -1 
4 1 0 
7 1 0 
5 0 -1 
2 -1 0 
10 0 1 
6 0 -1 
5 0 -1 
10 0 -1 
8 -1 0 
10 0 -1 
6 0 1 
10 0 2 
-1 0 1 
10 0 -1 
8 1 0 
6 0 -2 
10 0 1 
4 -1 0 
6 0 2 
5 0 2 
10 0 -1 
7 -4 0 
-1 0 -1 
1 3 0 
10 0 1 
5 0 -2 
8 -1 0 
10 0 -3 
6 0 -1 
10 0 2 
8 1 0 
6 0 -1 
-1 0 -1 
10 0 1 
6 0 1 
8 -4 0 
10 0 -3 
9 0 -2 
10 0 2 
9 0 1 
10 0 -1 
8 2 0 
10 0 -1 
8 -1 0 
10 0 3 
9 0 -1 
10 0 -2 
9 0 2 
10 0 1 
8 1 0 
6 0 1 
10 0 -2 
9 0 -2 
10 0 3 
9 0 1 
8 -2 0 
10 0 -3 
6 0 -2 
-1 0 2 
9 0 -1 
3 3 0 
-1 0 2 
END.
