6 -2 0 
7 0 2 
6 1 0 
7 0 -1 
4 2 0 
8 0 1 
7 0 1 
9 -1 0 
6 -1 0 
7 0 -1 
-1 0 1 
9 -3 0 
7 0 1 
9 4 0 
8 0 -1 
7 0 -1 
4 -1 0 
6 1 0 
7 0 1 
5 2 0 
6 -1 0 
5 -1 0 
-1 0 -1 
6 1 0 
4 1 0 
5 1 0 
8 0 2 
10 -1 0 
9 -1 0 
6 -1 0 
10 1 0 
8 0 2 
9 1 0 
10 -1 0 
8 0 -1 
4 -2 0 
10 1 0 
9 -1 0 
4 1 0 
10 -1 0 
-1 0 2 
10 -1 0 
9 -3 0 
8 0 1 
10 -2 0 
-1 0 -1 
9 4 0 
5 -2 0 
7 0 -1 
9 -4 0 
4 1 0 
7 0 1 
9 3 0 
5 2 0 
8 0 -1 
4 -1 0 
9 -2 0 
3 1 0 
9 -1 0 
-1 0 -1 
4 -1 0 
3 -2 0 
8 0 1 
5 -2 0 
7 0 -4 
5 2 0 
7 0 1 
8 0 -1 
3 4 0 
7 0 -1 
4 2 0 
-1 0 2 
10 2 0 
9 2 0 
10 -1 0 
9 -1 0 
8 0 -3 
10 -1 0 
8 0 2 
6 3 0 
-1 0 2 
END.
