10 0 -2 
7 -1 0 
10 0 1 
5 -2 0 
10 0 1 
5 3 0 
4 -2 0 
10 0 -2 
9 0 2 
10 0 1 
9 0 -1 
7 1 0 
10 0 -1 
7 1 0 
6 0 2 
9 0 -1 
8 -1 0 
10 0 -1 
9 0 1 
6 0 -1 
10 0 1 
7 -2 0 
10 0 2 
9 0 -1 
10 0 -3 
9 0 2 
10 0 2 
5 -3 0 
10 0 -1 
9 0 -2 
8 1 0 
10 0 2 
9 0 3 
10 0 -1 
9 0 -2 
7 1 0 
10 0 -1 
8 -1 0 
10 0 -1 
9 0 -1 
10 0 3 
5 2 0 
10 0 -2 
8 1 0 
10 0 1 
7 -1 0 
9 0 2 
10 0 -1 
9 0 -1 
10 0 2 
7 1 0 
6 0 -1 
5 -2 0 
9 0 -1 
10 0 -2 
7 1 0 
6 0 3 
9 0 1 
8 -1 0 
10 0 -1 
9 0 -1 
5 1 0 
10 0 1 
6 0 -2 
8 1 0 
9 0 1 
5 3 0 
6 0 2 
9 0 -1 
8 -1 0 
10 0 -1 
9 0 1 
-1 0 1 
10 0 1 
8 -2 0 
9 0 -2 
10 0 -1 
9 0 1 
8 1 0 
10 0 1 
6 0 -2 
9 0 -1 
10 0 -1 
9 0 2 
8 -1 0 
7 -2 0 
10 0 2 
9 0 -2 
10 0 -1 
9 0 3 
8 3 0 
10 0 1 
9 0 -2 
8 -2 0 
10 0 -2 
9 0 2 
8 1 0 
5 -4 0 
10 0 3 
9 0 -2 
10 0 -1 
9 0 3 
10 0 -1 
9 0 -2 
8 -2 0 
10 0 2 
9 0 -2 
10 0 -3 
9 0 4 
8 1 0 
10 0 3 
5 2 0 
10 0 -2 
9 0 -4 
10 0 -1 
9 0 2 
10 0 2 
9 0 1 
8 -1 0 
10 0 -2 
9 0 -2 
10 0 3 
8 3 0 
10 0 -2 
8 -1 0 
9 0 2 
5 -1 0 
10 0 1 
9 0 -1 
10 0 -2 
9 0 -1 
7 2 0 
8 -2 0 
10 0 1 
9 0 -1 
7 -1 0 
10 0 -1 
9 0 2 
10 0 3 
9 0 -1 
10 0 -1 
8 3 0 
10 0 -1 
9 0 1 
8 -2 0 
10 0 1 
9 0 -2 
10 0 1 
7 -1 0 
9 0 3 
8 -1 0 
9 0 1 
10 0 -2 
8 3 0 
10 0 1 
6 0 -1 
10 0 1 
9 0 -3 
10 0 -2 
9 0 2 
5 -1 0 
10 0 2 
9 0 -1 
10 0 -1 
9 0 -1 
7 1 0 
5 4 0 
10 0 -1 
9 0 1 
7 -1 0 
5 -2 0 
9 0 2 
4 2 0 
10 0 2 
5 -2 0 
10 0 -1 
4 -1 0 
10 0 -1 
9 0 -3 
10 0 2 
7 1 0 
9 0 1 
10 0 -2 
7 1 0 
5 4 0 
9 0 -1 
5 -3 0 
7 -1 0 
10 0 1 
9 0 1 
7 -1 0 
10 0 -1 
5 2 0 
10 0 2 
9 0 1 
10 0 -1 
9 0 -2 
5 1 0 
4 1 0 
10 0 -1 
5 -1 0 
7 2 0 
5 -3 0 
7 -1 0 
3 1 0 
10 0 2 
5 3 0 
10 0 -1 
5 -2 0 
4 -2 0 
10 0 -1 
9 0 1 
10 0 2 
6 0 1 
10 0 -1 
8 -3 0 
10 0 -1 
9 0 -1 
10 0 -1 
8 2 0 
10 0 3 
8 -1 0 
10 0 -1 
5 -1 0 
10 0 -2 
9 0 -1 
10 0 3 
9 0 2 
10 0 -2 
8 2 0 
9 0 -1 
10 0 2 
8 -3 0 
6 0 -1 
10 0 -3 
9 0 -1 
10 0 2 
9 0 2 
10 0 -1 
7 1 0 
10 0 -1 
6 0 3 
9 0 -2 
10 0 1 
9 0 1 
8 3 0 
9 0 1 
8 -2 0 
6 0 -1 
10 0 -1 
9 0 -2 
5 4 0 
10 0 1 
9 0 1 
8 -1 0 
10 0 -1 
9 0 1 
8 2 0 
10 0 1 
8 1 0 
6 0 -2 
9 0 -1 
6 0 3 
8 -1 0 
10 0 -1 
6 0 -2 
8 -1 0 
5 -3 0 
10 0 1 
9 0 -1 
7 -1 0 
5 3 0 
10 0 1 
9 0 2 
10 0 -2 
8 -1 0 
9 0 -2 
7 1 0 
10 0 1 
9 0 2 
8 1 0 
5 -2 0 
10 0 -1 
9 0 -2 
5 1 0 
3 1 0 
10 0 1 
9 0 2 
8 -1 0 
10 0 -1 
9 0 -1 
8 2 0 
10 0 1 
8 1 0 
6 0 -1 
9 0 1 
5 -3 0 
6 0 1 
8 -1 0 
10 0 -1 
8 -1 0 
9 0 -1 
10 0 1 
8 -1 0 
9 0 -1 
10 0 -1 
6 0 -1 
9 0 1 
5 4 0 
10 0 1 
9 0 -1 
5 -3 0 
9 0 2 
10 0 -1 
5 1 0 
4 1 0 
10 0 1 
9 0 -2 
5 -2 0 
9 0 1 
5 3 0 
10 0 -1 
9 0 -1 
5 -2 0 
4 2 0 
9 0 1 
5 1 0 
4 -1 0 
10 0 1 
5 -1 0 
3 -2 0 
10 0 -1 
9 0 -1 
7 -2 0 
10 0 3 
9 0 1 
10 0 -1 
7 1 0 
9 0 -1 
10 0 -1 
5 -1 0 
10 0 -1 
9 0 1 
10 0 3 
5 3 0 
10 0 -2 
7 -1 0 
10 0 -1 
5 -1 0 
4 -1 0 
10 0 3 
9 0 -1 
10 0 -2 
9 0 4 
10 0 1 
9 0 -2 
7 1 0 
10 0 -2 
9 0 -2 
7 1 0 
5 -2 0 
9 0 2 
10 0 1 
7 -2 0 
10 0 2 
9 0 2 
10 0 -3 
9 0 -1 
10 0 2 
9 0 -3 
7 1 0 
10 0 1 
5 3 0 
10 0 -2 
9 0 2 
5 -2 0 
10 0 2 
9 0 -1 
10 0 -3 
5 3 0 
10 0 2 
7 -1 0 
10 0 -1 
9 0 2 
5 -3 0 
10 0 2 
5 2 0 
4 -1 0 
10 0 -3 
9 0 -3 
10 0 2 
9 0 2 
10 0 -1 
7 2 0 
10 0 -1 
9 0 -1 
7 -1 0 
10 0 2 
5 -3 0 
10 0 -1 
7 -1 0 
10 0 -1 
9 0 1 
7 1 0 
10 0 3 
5 3 0 
3 1 0 
10 0 -3 
5 -2 0 
4 1 0 
10 0 2 
9 0 -2 
10 0 -1 
9 0 1 
7 1 0 
10 0 -1 
5 -1 0 
4 2 0 
9 0 -1 
5 4 0 
7 -1 0 
9 0 1 
5 -3 0 
-1 0 1 
9 0 -1 
7 1 0 
5 2 0 
9 0 1 
5 -1 0 
3 -1 0 
9 0 -1 
7 -2 0 
5 -2 0 
9 0 1 
7 1 0 
5 4 0 
9 0 -1 
5 -1 0 
-1 0 -1 
7 1 0 
-1 0 3 
END.
t = 928
9936528
State createed : 61030
