9 0 -1 
7 0 1 
2 0 -1 
9 0 1 
5 -1 0 
7 0 -1 
9 0 -1 
-1 0 1 
7 0 1 
1 2 0 
9 0 1 
4 0 -1 
-1 0 -1 
9 0 -1 
5 1 0 
3 0 -1 
9 0 1 
4 0 1 
2 0 -1 
9 0 -1 
3 0 -1 
6 -1 0 
9 0 1 
7 0 2 
8 -1 0 
10 0 4 
9 0 -1 
10 0 -3 
4 0 -1 
10 0 2 
9 0 1 
10 0 -1 
1 1 0 
10 0 -1 
-1 0 -1 
10 0 3 
9 0 -1 
10 0 -2 
8 -2 0 
10 0 -1 
9 0 -2 
10 0 3 
9 0 1 
10 0 -1 
9 0 2 
7 0 -2 
10 0 -2 
9 0 -2 
10 0 1 
9 0 -1 
7 0 1 
10 0 1 
9 0 2 
10 0 1 
7 0 -1 
6 1 0 
10 0 -3 
9 0 -2 
10 0 2 
9 0 1 
6 1 0 
10 0 1 
9 0 -1 
3 0 2 
10 0 -3 
9 0 1 
10 0 1 
8 -1 0 
10 0 2 
-1 0 1 
10 0 -3 
9 0 -1 
10 0 2 
-1 0 -1 
6 -1 0 
10 0 -2 
9 0 3 
10 0 3 
9 0 -1 
10 0 -2 
8 1 0 
10 0 1 
9 0 1 
5 -1 0 
10 0 -2 
9 0 -3 
10 0 3 
9 0 2 
2 0 1 
10 0 -3 
9 0 -1 
10 0 2 
9 0 -1 
10 0 -1 
9 0 3 
5 1 0 
10 0 -1 
9 0 -3 
10 0 3 
9 0 1 
6 1 0 
10 0 -1 
9 0 -1 
10 0 -1 
6 1 0 
9 0 1 
10 0 -1 
3 0 -1 
9 0 -1 
2 0 -1 
10 0 1 
9 0 1 
8 -1 0 
10 0 -1 
-1 0 1 
9 0 -1 
10 0 1 
6 -2 0 
10 0 2 
9 0 3 
10 0 -3 
9 0 -1 
10 0 2 
9 0 -1 
6 1 0 
10 0 -1 
1 -1 0 
10 0 -2 
9 0 -1 
10 0 4 
3 0 1 
10 0 -2 
6 -1 0 
10 0 -2 
9 0 3 
10 0 4 
9 0 -2 
10 0 -3 
9 0 1 
10 0 2 
5 -1 0 
10 0 -3 
9 0 -1 
10 0 2 
9 0 2 
10 0 -1 
9 0 -3 
10 0 3 
-1 0 1 
10 0 -4 
9 0 3 
10 0 3 
9 0 -2 
10 0 -2 
9 0 1 
10 0 1 
1 1 0 
10 0 2 
9 0 -1 
-1 0 -2 
10 0 -3 
-1 0 1 
10 0 2 
9 0 -1 
10 0 -1 
-1 0 -1 
6 2 0 
10 0 -1 
-1 0 4 
END.
t = 207
1882632
State createed : 6947
